297 297
-297 295 -297
-295 293 -295
-293 291 -293
-291 289 -291
-289 287 -289
-287 285 -287
-285 283 -285
-283 281 -283
-281 279 -281
-279 277 -279
-277 275 -277
-275 273 -275
-273 271 -273
-271 269 -271
-269 267 -269
-267 265 -267
-265 263 -265
-263 261 -263
-261 259 -261
-259 257 -259
-257 255 -257
-255 253 -255
-253 251 -253
-251 249 -251
-249 247 -249
-247 245 -247
-245 243 -245
-243 241 -243
-241 239 -241
-239 237 -239
-237 235 -237
-235 233 -235
-233 231 -233
-231 229 -231
-229 227 -229
-227 225 -227
-225 223 -225
-223 221 -223
-221 219 -221
-219 217 -219
-217 215 -217
-215 213 -215
-213 211 -213
-211 209 -211
-209 207 -209
-207 205 -207
-205 203 -205
-203 201 -203
-201 199 -201
-199 197 -199
-197 195 -197
-195 193 -195
-193 191 -193
-191 189 -191
-189 187 -189
-187 185 -187
-185 183 -185
-183 181 -183
-181 179 -181
-179 177 -179
-177 175 -177
-175 173 -175
-173 171 -173
-171 169 -171
-169 167 -169
-167 165 -167
-165 163 -165
-163 161 -163
-161 159 -161
-159 157 -159
-157 155 -157
-155 153 -155
-153 151 -153
-151 149 -151
-149 147 -149
-147 145 -147
-145 143 -145
-143 141 -143
-141 139 -141
-139 137 -139
-137 135 -137
-135 133 -135
-133 131 -133
-131 129 -131
-129 127 -129
-127 125 -127
-125 123 -125
-123 121 -123
-121 119 -121
-119 117 -119
-117 115 -117
-115 113 -115
-113 111 -113
-111 109 -111
-109 107 -109
-107 105 -107
-105 103 -105
-103 101 -103
-101 99 -101
-99 97 -99
-97 95 -97
-95 93 -95
-93 91 -93
-91 89 -91
-89 87 -89
-87 85 -87
-85 83 -85
-83 81 -83
-81 79 -81
-79 77 -79
-77 75 -77
-75 73 -75
-73 71 -73
-71 69 -71
-69 67 -69
-67 65 -67
-65 63 -65
-63 61 -63
-61 59 -61
-59 57 -59
-57 55 -57
-55 53 -55
-53 51 -53
-51 49 -51
-49 47 -49
-47 45 -47
-45 43 -45
-43 41 -43
-41 39 -41
-39 37 -39
-37 35 -37
-35 33 -35
-33 31 -33
-31 29 -31
-29 27 -29
-27 25 -27
-25 23 -25
-23 21 -23
-21 19 -21
-19 17 -19
-17 15 -17
-15 13 -15
-13 11 -13
-11 9 -11
-9 7 -9
-7 5 -7
-5 3 -5
-3 1 -3
1
1
3
5
7
9
11
13
15
17
19
21
23
25
27
29
31
33
35
37
39
41
43
45
47
49
51
53
55
57
59
61
63
65
67
69
71
73
75
77
79
81
83
85
87
89
91
93
95
97
99
101
103
105
107
109
111
113
115
117
119
121
123
125
127
129
131
133
135
137
139
141
143
145
147
149
151
153
155
157
159
161
163
165
167
169
171
173
175
177
179
181
183
185
187
189
191
193
195
197
199
201
203
205
207
209
211
213
215
217
219
221
223
225
227
229
231
233
235
237
239
241
243
245
247
249
251
253
255
257
259
261
263
265
267
269
271
273
275
277
279
281
283
285
287
289
291
293
295
